INDEX NOMINUM.

6616, (1661 pugnam Pharsali·
cam reliquias Pompeianorum

in Africa adiuvit, sed ad ’1116-
Risum 1161116 4.1’>ccvl11.04m

Petreio Zamam 6616311, ubi
1161166166 4 66116166116111 vo·
1661611661 obiit. ef. B. 111166.

⁴ 44-54. 55. 67-54. 66. 44. 11.

91. 84, 91. 016 11641163 Agr. II,
69.ρ1611136164116.1111,,.36)(
6).0161166(0.10..-11)066
661, Ι,1,.1-6 2‚4.4..4 3,.6-1
, 4,1.4.6,14.,66’,6,1,,1(-)8,
6-4. (9.) 10.-11, 6, 16 (1.) 4.
16, 1. 6-6, 14, 1. 6, 4, 16, 1. 4. 4.
16, 1. (-·) 4. 4. 11,1. 18, 1. 4 4.
60, 6. 6. 21,1. 66, 1-1,6. 66, 1
64, 6-6. 66, 1. 6. 6. 61,1-6. 68,
1.6..4 69,1, 96,,1(-6) 38, 6-4.
34 (16)64 36, 1. (6.)64.
66,.469,6.,411’(66.) 6.(-)6
42(1.)..44 43,.4(4.,..)4514
48,.66.49,6. 66,1.61,.,16
66,4. 64,1. (-66,1.) 61,1. 69,1,
60, 6. 61,1-6. 66,1(-6). 66, 6.
64, 1-6. (-6.) 66, 6. 4. 66, 4.
61, 4. 5. 68, 1. (4.) 10,1.6..6
11, 1. (6.4.) 16,1. (-)4.5 14,
6-1, 16, 4. 11, 1. 18, 4. 4. 19, 6.
80, 6-6, 81, 4. 5. 82,1. 6. (6. 5.)
83,1. 84, 6, 86,1(-16), 86,4.
81,1-6.(4.) Π,6,1.16,6.19,
,6,6. 11,1.6.4. 1866-1. 60,
1. 4. 16, 61,1.4. 66,1.6, 24,1.
28, 1. 69, 6. 36, 1-6. 5. 44 15.
14. 64, 4. 66, 1. 61, 1. 44, 4. III,
1,1(—5). 6, (1.) 4. 5, 4. 6,1. 1, 4.
8, 1. 4. 4, 1. 5. 10, 1. 4. (-11)
11, 1. 4. (-) 4. 16,1.(-)6.4.
13, 4. 5. 14, 1. 15, 1. 4. 54 16,
1. (-) 6. (-) 5. 11, 1. 4. (-)5. 6.
18,6-6, 19, 1. (6.) 5. 60, 1. 21, 4.
44, 4. 45, 4. 25, 1-4. 26. 61,11.
69,6. 801-46(131,,,4)831,
34,1(-6). 666. 69,.1 41,1.
(-)6. 46,,6 ¹44. 44,1.1.(-)6

116

46 416()6066 61,15.
66,..46 66,..,1(6)4 66161,
15 681 69,..,.1(6)64 61,16.
66, 4..4 65,4(-4). 64,,6 66,.6
(4.)66,1...44 61,,.16(6.)68,6.
69,6..410.11,6.131(-6)
14 ,(1.)4 (-) 16, 4. (-)5. 16,
1.4.11,..1(6)18,1.-()4.6.
19 (1)6-1 80, 1. (-)4 (.-)5.

1) 8116 86,6. 83,..16
84,.-1( 5,)851.4(-)486,
1. 4. 81,1, 88, 1. 4. 89,1.(-) ,
61,1.(-6,) 96, 4. 44, 1. 4. 44,

1. 4. 45, 1. 86, 4. 91, 1. 4. 98,1.
(-6.) 99, (1,)6. 4, 101,1, 6. (-5.)
106,...146106,1,(-)66. 106,
1.6.(4. 101.) 109,1...66 111,

(-)5.112,.(5(·-)'1.-4(4.)
14, 1.Β.(1.631Π-1’ΠΙΙ.61
ffignlffium 1161. argumenta. -

66

Iulia, 161, 1,,144 ,6316116
11611616 4 06666161 66116616
invito senatu 61 Bibulo 6611636, .
664464645666
civium 1166166616111 per XX
viros consulares divisus 661. -
161116 belli 66666166 1116316116-
tuaque dilectum colonorum 44
1636063661116611661616111[, 616· “
1161661 partem veteranorum
Pompe] 11611616 1661116661.

b.)pL .(- 541. n.-) I„8,4.
(-9,1.)10,111,66,6,4(6),
6661666666, (1111166166 ,1161066-
66116 61611636166 (v. Β, (1. 11,),
61 Pompeiums, Pompei 111611-
6616 611 caesarem Ariminum
perfert (1, Roscius), 006-
1161116 adventum 611 0166 eam
44666346..X.664¹.2
Hadrumetum (q'uod 11116) per·
16311, quo eodem reliquae 6166
naves 44 1441p1un6 unam 111616

 

